498081
727887
131847
984059
902081
941318
954425
122540
240456
203300
410694
278511
128162
455089
24728
933274
811211
431445
323237
339106
340495
965466
511528
186258
458047
979947
138287
632888
292790
193015
895541
780408
7387
66831
315429
625356
341737
960631
111485
515026
86413
3090
565194
90563
712433
424147
474078
764324
516159
971353
951957
43721
627189
282199
913000
538705
362888
604538
649703
989355
272451
108510
252605
160156
828266
889828
275561
987202
234783
435746
71563
14376
689002
729718
225447
565094
661577
707463
767996
906420
118623
160953
571137
343133
879241
670059
653033
138643
653891
902002
298878
909336
572546
509107
107940
906503
830552
199843
152205
161598
967425
381351
431515
189757
903687
558010
103410
695285
958590
163632
33098
648553
718591
88582
105384
711297
659267
286137
69271
515894
497726
845802
403981
412079
212066
221270
430493
923086
649819
898981
6052
117175
944885
245710
251387
373749
401528
192818
4384
557903
851224
264547
293612
921532
103616
277839
690540
325786
547051
958076
253640
657351
718844
190364
992305
599183
554801
500090
61602
92258
763767
543231
277578
508154
167822
81223
617342
904208
847743
931968
801166
653710
894535
190440
254904
393162
354657
34415
389371
183039
543430
889513
519700
661359
796720
640783
410870
312984
868247
858010
440565
694162
236829
607920
962048
856756
395695
678666
776200
819456
656629
821092
878831
797577
507886
425320
395399
471162
243447
790292
651888
916611
769103
69888
338318
123756
742019
397807
326157
858652
758675
422181
921853
538795
210417
601393
278470
778996
509386
842632
782520
460260
973922
847029
581661
270060
452420
731079
992954
131464
242060
509551
141181
371757
479516
350600
217039
164637
841533
775561
652804
776685
121509
271215
731719
85014
331040
38662
815740
976000
819284
373173
750235
596443
200421
32390
460574
722869
668070
186336
103338
573472
601544
212395
992174
611237
173524
257293
21606
229648
773352
627420
68622
870371
36117
38151
495265
198682
143479
176592
270129
324231
928721
460855
884511
965343
431053
55166
759859
999867
158408
377008
675528
503653
596774
158284
262375
91874
410106
366537
92286
554467
326114
974658
40259
943546
299723
246724
107587
191657
963374
556039
76531
318146
764983
310928
325516
384926
697477
77412
805036
846051
719105
917762
616789
234698
202887
969430
602409
201128
949159
446861
428602
77418
438345
447871
927653
538240
972120
59081
694405
427276
761509
221466
820556
867695
230580
544834
248477
734267
61478
22175
144993
453380
103808
592631
578265
8558
172884
270442
349023
663162
609673
276972
479253
19158
5527
530496
975048
385513
219731
342574
431306
723740
168531
552332
182677
445402
263654
613483
544330
652686
564187
461462
860604
533421
698193
948398
668956
406765
100922
130045
796494
904806
948999
904024
591420
982044
327759
84007
447124
533357
88853
967774
58475
785740
28089
95814
50545
738339
751581
883131
887051
256985
85629
834203
701695
157092
238372
395275
444377
941262
510973
403017
369759
647807
883780
512205
471406
942474
893544
701723
570894
703922
498033
827574
778610
500030
365395
549914
92523
407650
900909
699277
905645
440671
857208
728198
672734
698879
823354
394721
467587
269326
810010
33921
31267
189301
518849
699488
283920
478374
64401
278140
593973
965596
519466
630075
356110
886872
167913
415214
789959
160325
541446
409921
526244
997063
31436
846487
861488
358223
211925
379026
269219
909200
363114
688730
543176
231300
758051
309434
898619
685666
280913
857045
100541
425642
492239
137694
167221
586574
640701
499750
759485
792088
290864
44560
96216
909719
671582
156316
446813
682516
883322
196301
269555
319277
903963
656217
810758
842232
577179
533875
663333
333740
47627
4534
471552
993928
17037
364647
569969
130712
306346
491009
280104
459356
106314
153589
777223
182442
317764
365339
471730
955619
669953
103360
670894
275985
745721
156213
709401
307328
231757
216184
576262
674283
284721
551350
961315
385540
494492
620342
86591
321898
573401
575707
197912
239695
216516
896452
512283
463755
614769
984740
227694
498098
701590
237417
323882
963414
522370
697182
888268
764476
751526
144196
208825
165768
462762
262243
627251
104121
612713
543709
207093
114870
478937
851086
469841
504490
658798
903585
569401
669058
280718
365392
242735
55815
509681
996848
992356
505617
375074
601099
560573
161051
833161
258460
731092
706524
714214
716118
655063
954135
162748
999350
373040
585652
75390
4666
895799
690760
623794
237510
308351
565666
538601
570722
621060
203834
326013
210162
106898
463817
695093
636840
596053
326218
727601
693006
152188
423571
773577
730242
450817
649407
158284
467150
624907
497222
812945
892835
117248
547630
856904
20562
434752
796775
228114
553207
165453
108701
757173
373201
874195
693450
463045
599227
955299
446138
408399
404615
21775
540943
675340
900860
743539
790593
182551
346312
301778
791281
141106
663179
564615
337185
545511
831648
218314
375093
16836
996955
913360
45836
383906
47483
476128
497201
588612
470779
777563
268143
693787
486532
731523
919723
802825
261190
140277
884801
436501
253847
317808
117407
684659
332414
151096
976152
951364
286588
73237
201800
671192
585138
352395
445197
230144
813078
551608
459727
681063
858454
257352
337011
118401
311438
67272
245088
703780
23741
445671
932641
858314
273527
987636
549338
968784
157044
713237
710998
312523
375394
729995
746362
617635
82079
27107
511428
616082
263495
530856
521878
620989
30072
199141
302915
681602
810564
705920
409289
550503
598804
469300
315060
56879
323887
406815
506385
927198
382363
29325
206453
37251
353380
353332
319962
154832
926458
318464
979438
419249
928788
835809
813416
437356
474587
923972
49208
529244
444633
277346
519243
96601
160273
740344
230405
377800
591806
642155
397663
877378
24191
451561
735140
666312
14278
676444
66536
521312
866383
821411
413735
632971
3799
268158
845004
347801
714583
463816
193781
590296
433556
61089
353816
239317
267574
277777
349203
285666
949661
838784
654923
518429
338111
673183
223904
137650
501762
256991
409247
714510
923337
501464
811673
290457
232403
117181
808638
843617
987464
978676
643366
278135
680405
649585
859105
296479
349341
235763
795204
610319
4947
711883
135836
682210
645203
925330
5647
621907
717672
223804
678498
761691
990425
232337
813472
331143
354629
503004
969814
260289
854118
612892
822258
573650
716080
791978
150817
540325
95213
514269
437135
966910
949952
918171
70272
536209
287976
954987
877388
637146
53118
77933
366018
500983
94966
576293
686274
83521
775073
701848
344146
983004
415354
93963
582760
994491
801859
614332
873097
760999
672119
607799
653925
167783
451578
316830
152057
914917
283602
466922
702231
990972
173228
138882
599605
563118
336685
870593
847348
383225
760816
354871
991015
578076
6481
842694
690641
130509
24764
367158
223842
905590
508237
898821
649444
388411
815213
771224
161011
49533
287642
916182
41218
881626
754470
655570
812062
