3090
3799
4384
4534
4666
4947
5527
5647
6052
6481
7387
8558
14278
14376
16836
17037
19158
20562
21606
21775
22175
23741
24191
24728
24764
27107
28089
29325
30072
31267
31436
32390
33098
33921
34415
36117
37251
38151
38662
40259
41218
43721
44560
45836
47483
47627
49208
49533
50545
53118
55166
55815
56879
58475
59081
61089
61478
61602
64401
66536
66831
67272
68622
69271
69888
70272
71563
73237
75390
76531
77412
77418
77933
81223
82079
83521
84007
85014
85629
86413
86591
88582
88853
90563
91874
92258
92286
92523
93963
94966
95213
95814
96216
96601
100541
100922
103338
103360
103410
103616
103808
104121
105384
106314
106898
107587
107940
108510
108701
111485
114870
117175
117181
117248
117407
118401
118623
121509
122540
123756
128162
130045
130509
130712
131464
131847
135836
137650
137694
138287
138643
138882
140277
141106
141181
143479
144196
144993
150817
151096
152057
152188
152205
153589
154832
156213
156316
157044
157092
158284
158284
158408
160156
160273
160325
160953
161011
161051
161598
162748
163632
164637
165453
165768
167221
167783
167822
167913
168531
172884
173228
173524
176592
182442
182551
182677
183039
186258
186336
189301
189757
190364
190440
191657
192818
193015
193781
196301
197912
198682
199141
199843
200421
201128
201800
202887
203300
203834
206453
207093
208825
210162
210417
211925
212066
212395
216184
216516
217039
218314
219731
221270
221466
223804
223842
223904
225447
227694
228114
229648
230144
230405
230580
231300
231757
232337
232403
234698
234783
235763
236829
237417
237510
238372
239317
239695
240456
242060
242735
243447
245088
245710
246724
248477
251387
252605
253640
253847
254904
256985
256991
257293
257352
258460
260289
261190
262243
262375
263495
263654
264547
267574
268143
268158
269219
269326
269555
270060
270129
270442
271215
272451
273527
275561
275985
276972
277346
277578
277777
277839
278135
278140
278470
278511
280104
280718
280913
282199
283602
283920
284721
285666
286137
286588
287642
287976
290457
290864
292790
293612
296479
298878
299723
301778
302915
306346
307328
308351
309434
310928
311438
312523
312984
315060
315429
316830
317764
317808
318146
318464
319277
319962
321898
323237
323882
323887
324231
325516
325786
326013
326114
326157
326218
327759
331040
331143
332414
333740
336685
337011
337185
338111
338318
339106
340495
341737
342574
343133
344146
346312
347801
349023
349203
349341
350600
352395
353332
353380
353816
354629
354657
354871
356110
358223
362888
363114
364647
365339
365392
365395
366018
366537
367158
369759
371757
373040
373173
373201
373749
375074
375093
375394
377008
377800
379026
381351
382363
383225
383906
384926
385513
385540
388411
389371
393162
394721
395275
395399
395695
397663
397807
401528
403017
403981
404615
406765
406815
407650
408399
409247
409289
409921
410106
410694
410870
412079
413735
415214
415354
419249
422181
423571
424147
425320
425642
427276
428602
430493
431053
431306
431445
431515
433556
434752
435746
436501
437135
437356
438345
440565
440671
444377
444633
445197
445402
445671
446138
446813
446861
447124
447871
450817
451561
451578
452420
453380
455089
458047
459356
459727
460260
460574
460855
461462
462762
463045
463755
463816
463817
466922
467150
467587
469300
469841
470779
471162
471406
471552
471730
474078
474587
476128
478374
478937
479253
479516
486532
491009
492239
494492
495265
497201
497222
497726
498033
498081
498098
499750
500030
500090
500983
501464
501762
503004
503653
504490
505617
506385
507886
508154
508237
509107
509386
509551
509681
510973
511428
511528
512205
512283
514269
515026
515894
516159
518429
518849
519243
519466
519700
521312
521878
522370
526244
529244
530496
530856
533357
533421
533875
536209
538240
538601
538705
538795
540325
540943
541446
543176
543231
543430
543709
544330
544834
545511
547051
547630
549338
549914
550503
551350
551608
552332
553207
554467
554801
556039
557903
558010
560573
563118
564187
564615
565094
565194
565666
569401
569969
570722
570894
571137
572546
573401
573472
573650
575707
576262
576293
577179
578076
578265
581661
582760
585138
585652
586574
588612
590296
591420
591806
592631
593973
596053
596443
596774
598804
599183
599227
599605
601099
601393
601544
602409
604538
607799
607920
609673
610319
611237
612713
612892
613483
614332
614769
616082
616789
617342
617635
620342
620989
621060
621907
623794
624907
625356
627189
627251
627420
630075
632888
632971
636840
637146
640701
640783
642155
643366
645203
647807
648553
649407
649444
649585
649703
649819
651888
652686
652804
653033
653710
653891
653925
654923
655063
655570
656217
656629
657351
658798
659267
661359
661577
663162
663179
663333
666312
668070
668956
669058
669953
670059
670894
671192
671582
672119
672734
673183
674283
675340
675528
676444
678498
678666
680405
681063
681602
682210
682516
684659
685666
686274
688730
689002
690540
690641
690760
693006
693450
693787
694162
694405
695093
695285
697182
697477
698193
698879
699277
699488
701590
701695
701723
701848
702231
703780
703922
705920
706524
707463
709401
710998
711297
711883
712433
713237
714214
714510
714583
716080
716118
717672
718591
718844
719105
722869
723740
727601
727887
728198
729718
729995
730242
731079
731092
731523
731719
734267
735140
738339
740344
742019
743539
745721
746362
750235
751526
751581
754470
757173
758051
758675
759485
759859
760816
760999
761509
761691
763767
764324
764476
764983
767996
769103
771224
773352
773577
775073
775561
776200
776685
777223
777563
778610
778996
780408
782520
785740
789959
790292
790593
791281
791978
792088
795204
796494
796720
796775
797577
801166
801859
802825
805036
808638
810010
810564
810758
811211
811673
812062
812945
813078
813416
813472
815213
815740
819284
819456
820556
821092
821411
822258
823354
827574
828266
830552
831648
833161
834203
835809
838784
841533
842232
842632
842694
843617
845004
845802
846051
846487
847029
847348
847743
851086
851224
854118
856756
856904
857045
857208
858010
858314
858454
858652
859105
860604
861488
866383
867695
868247
870371
870593
873097
874195
877378
877388
878831
879241
881626
883131
883322
883780
884511
884801
886872
887051
888268
889513
889828
892835
893544
894535
895541
895799
896452
898619
898821
898981
900860
900909
902002
902081
903585
903687
903963
904024
904208
904806
905590
905645
906420
906503
909200
909336
909719
913000
913360
914917
916182
916611
917762
918171
919723
921532
921853
923086
923337
923972
925330
926458
927198
927653
928721
928788
931968
932641
933274
941262
941318
942474
943546
944885
948398
948999
949159
949661
949952
951364
951957
954135
954425
954987
955299
955619
958076
958590
960631
961315
962048
963374
963414
965343
965466
965596
966910
967425
967774
968784
969430
969814
971353
972120
973922
974658
975048
976000
976152
978676
979438
979947
982044
983004
984059
984740
987202
987464
987636
989355
990425
990972
991015
992174
992305
992356
992954
993928
994491
996848
996955
997063
999350
999867
